1_1	1_2232	2232	0	0	 4	0	0.434	0.520	0.444	0.252	0.114	79.93	0.235	-0.001	0.422	0.489	0.396	0.354	0.314	0.274	0.245	0.147	0.000	0.000	0.000	0.000	0.500	1.79	372.33
2_1	2_5000	5000	0	0	 7	0	0.559	0.610	0.628	0.210	0.077	50.99	0.318	 0.230	0.548	0.265	0.376	0.426	0.431	0.420	0.401	0.288	0.429	0.571	0.571	0.143	0.000	1.40	 84.17
2_5001	2_10000	5000	0	0	 7	0	0.518	0.577	0.564	0.183	0.067	39.44	0.295	 0.180	0.520	0.304	0.349	0.371	0.349	0.322	0.294	0.191	0.143	0.286	0.286	0.429	0.000	1.40	131.83
2_7652	2_12651	5000	0	0	 6	0	0.534	0.601	0.576	0.175	0.072	41.76	0.272	 0.160	0.509	0.263	0.320	0.332	0.306	0.269	0.240	0.146	0.333	0.333	0.333	0.333	0.000	1.20	 72.80
3_55001	3_60000	5000	0	0	 2	0	0.500	0.621	0.498	0.137	0.019	27.95	0.483	 0.398	0.648	0.165	0.324	0.386	0.407	0.413	0.412	0.314	0.000	1.000	0.000	0.000	0.000	0.40	105.00
4_1	4_5000	5000	0	0	 9	0	0.513	0.565	0.561	0.185	0.053	52.58	0.249	 0.082	0.469	0.305	0.341	0.346	0.302	0.270	0.233	0.123	0.111	0.333	0.000	0.000	0.333	1.80	128.50
4_5001	4_10000	5000	0	0	 6	0	0.510	0.573	0.551	0.165	0.059	36.31	0.255	 0.097	0.478	0.252	0.318	0.340	0.324	0.315	0.292	0.191	0.167	0.167	0.000	0.000	0.500	1.20	 57.40
4_10001	4_15000	5000	0	0	 2	0	0.508	0.530	0.548	0.129	0.056	14.82	0.289	 0.163	0.526	0.333	0.378	0.384	0.368	0.346	0.318	0.212	0.500	0.000	0.000	0.000	0.500	0.40	 13.00
4_15001	4_20000	5000	0	0	 9	0	0.500	0.574	0.505	0.191	0.075	45.12	0.245	 0.096	0.475	0.393	0.381	0.373	0.337	0.297	0.259	0.152	0.000	0.222	0.111	0.000	0.444	1.80	104.12
4_20001	4_25000	5000	0	0	 7	0	0.502	0.551	0.546	0.242	0.092	57.63	0.232	 0.046	0.441	0.238	0.253	0.234	0.210	0.180	0.154	0.068	0.000	0.143	0.000	0.000	0.714	1.40	106.00
4_25001	4_30000	5000	0	0	 8	0	0.528	0.581	0.617	0.184	0.069	41.22	0.285	 0.125	0.494	0.224	0.281	0.309	0.307	0.312	0.302	0.201	0.000	0.125	0.000	0.000	0.500	1.60	 18.00
4_30001	4_35000	5000	0	0	12	0	0.526	0.573	0.593	0.225	0.069	66.88	0.247	 0.048	0.448	0.125	0.155	0.177	0.182	0.181	0.172	0.103	0.000	0.250	0.167	0.000	0.417	2.40	 31.36
4_35001	4_40000	5000	0	0	11	0	0.514	0.584	0.552	0.204	0.074	59.34	0.253	 0.095	0.474	0.363	0.387	0.401	0.385	0.362	0.325	0.203	0.000	0.182	0.000	0.000	0.545	2.20	 93.40
4_45001	4_50000	5000	0	0	 9	0	0.511	0.561	0.557	0.167	0.065	44.72	0.291	 0.142	0.499	0.257	0.299	0.314	0.306	0.294	0.269	0.164	0.000	0.000	0.444	0.000	0.444	1.80	 33.50
4_50001	4_55000	5000	0	0	 6	0	0.556	0.594	0.647	0.192	0.054	37.36	0.274	 0.162	0.510	0.108	0.208	0.257	0.278	0.274	0.262	0.162	0.333	0.333	0.333	0.000	0.000	1.20	106.20
4_51845	4_56844	5000	0	0	 7	0	0.552	0.608	0.638	0.229	0.085	51.52	0.283	 0.210	0.534	0.181	0.296	0.349	0.360	0.349	0.330	0.221	0.429	0.429	0.286	0.000	0.000	1.40	227.83
5_1	5_5000	5000	0	0	 6	0	0.535	0.605	0.568	0.189	0.062	43.07	0.238	 0.079	0.454	0.221	0.314	0.371	0.343	0.312	0.281	0.169	0.167	0.500	0.000	0.500	0.333	1.20	143.40
5_10001	5_15000	5000	0	0	 8	0	0.606	0.650	0.689	0.267	0.113	64.41	0.276	 0.202	0.532	0.068	0.185	0.227	0.212	0.189	0.176	0.093	0.500	0.375	0.500	0.000	0.250	1.60	134.57
5_15001	5_20000	5000	0	0	 7	0	0.536	0.578	0.612	0.198	0.066	40.80	0.274	 0.150	0.503	0.232	0.245	0.261	0.261	0.247	0.223	0.128	0.000	0.429	0.286	0.143	0.000	1.40	112.33
5_20001	5_25000	5000	0	0	 9	0	0.518	0.579	0.570	0.191	0.070	46.47	0.251	 0.066	0.460	0.201	0.236	0.268	0.246	0.226	0.203	0.107	0.000	0.222	0.000	0.000	0.667	1.80	 42.25
5_25001	5_30000	5000	0	0	 9	0	0.511	0.559	0.556	0.197	0.088	51.42	0.255	 0.078	0.470	0.234	0.287	0.299	0.280	0.269	0.245	0.144	0.000	0.222	0.000	0.000	0.333	1.80	 52.12
5_30001	5_35000	5000	0	0	 3	0	0.540	0.604	0.600	0.127	0.036	24.11	0.304	 0.160	0.514	0.203	0.243	0.278	0.282	0.277	0.263	0.165	0.000	0.000	0.000	0.000	0.333	0.60	 84.00
5_35001	5_40000	5000	0	0	11	0	0.507	0.541	0.598	0.217	0.078	60.87	0.285	 0.153	0.500	0.268	0.314	0.331	0.319	0.302	0.269	0.167	0.000	0.000	0.091	0.000	0.455	2.20	 36.90
5_40001	5_45000	5000	0	0	 5	0	0.532	0.582	0.567	0.160	0.062	33.91	0.308	 0.171	0.518	0.095	0.116	0.138	0.149	0.157	0.153	0.078	0.000	0.000	0.200	0.000	0.400	1.00	 53.50
5_45001	5_50000	5000	0	0	 3	0	0.521	0.558	0.610	0.107	0.029	21.90	0.310	 0.201	0.537	0.000	0.053	0.085	0.092	0.098	0.084	0.022	0.000	0.000	0.333	0.000	0.000	0.60	 74.50
5_50001	5_55000	5000	0	0	 6	0	0.515	0.565	0.585	0.158	0.045	38.03	0.284	 0.128	0.492	0.229	0.262	0.276	0.274	0.264	0.249	0.150	0.000	0.000	0.333	0.000	0.500	1.20	  3.00
5_55001	5_60000	5000	0	0	 4	0	0.506	0.558	0.528	0.154	0.050	29.58	0.336	 0.195	0.540	0.346	0.363	0.363	0.328	0.305	0.291	0.193	0.000	0.000	0.000	0.000	0.750	0.80	 92.67
5_60001	5_65000	5000	0	0	 8	0	0.509	0.587	0.539	0.207	0.090	49.04	0.382	 0.272	0.579	0.195	0.247	0.266	0.252	0.242	0.210	0.115	0.000	0.375	0.000	0.000	0.375	1.60	122.00
5_65001	5_70000	5000	0	0	 5	0	0.514	0.602	0.543	0.144	0.057	27.69	0.281	 0.093	0.476	0.107	0.145	0.185	0.190	0.199	0.190	0.112	0.200	0.600	0.000	0.000	0.200	1.00	102.50
5_70001	5_75000	5000	0	0	11	0	0.491	0.577	0.513	0.208	0.073	65.20	0.267	 0.062	0.456	0.254	0.284	0.296	0.290	0.282	0.261	0.158	0.000	0.091	0.091	0.000	0.545	2.20	 88.20
5_75001	5_80000	5000	0	0	 7	0	0.494	0.557	0.559	0.153	0.043	44.07	0.281	 0.116	0.486	0.275	0.320	0.323	0.270	0.243	0.208	0.118	0.000	0.286	0.000	0.000	0.429	1.40	102.00
5_80001	5_85000	5000	0	0	 8	0	0.502	0.603	0.534	0.195	0.074	39.61	0.285	 0.139	0.496	0.163	0.167	0.186	0.197	0.197	0.182	0.098	0.000	0.250	0.000	0.000	0.500	1.60	 91.71
5_85001	5_90000	5000	0	0	 8	0	0.493	0.547	0.550	0.230	0.091	52.15	0.284	 0.104	0.477	0.248	0.287	0.307	0.293	0.277	0.257	0.155	0.000	0.125	0.125	0.000	0.500	1.60	158.57
5_90001	5_95000	5000	0	0	 3	0	0.449	0.468	0.496	0.268	0.135	76.20	0.247	 0.004	0.438	0.027	0.068	0.097	0.118	0.123	0.116	0.057	0.000	0.000	0.333	0.000	0.667	0.60	380.50
5_93871	5_98870	5000	0	0	 5	0	0.478	0.526	0.513	0.222	0.098	57.33	0.250	 0.049	0.454	0.395	0.412	0.415	0.383	0.354	0.326	0.206	0.400	0.400	0.600	0.000	0.400	1.00	231.25
6_165001	6_170000	5000	1	0	 3	3	0.490	0.545	0.506	0.167	0.050	35.13	0.278	 0.114	0.480	0.193	0.195	0.215	0.208	0.203	0.195	0.140	0.000	0.333	0.333	0.333	0.333	1.20	 86.20
8_350001	8_355000	5000	1	0	 5	1	0.492	0.612	0.470	0.142	0.071	32.41	0.262	 0.050	0.447	0.392	0.432	0.444	0.416	0.397	0.385	0.296	0.000	0.200	0.200	0.000	0.000	1.20	117.20
10_1	10_5000	5000	1	0	 5	3	0.473	0.563	0.484	0.164	0.058	33.05	0.296	 0.099	0.474	0.351	0.408	0.430	0.430	0.410	0.387	0.271	0.000	0.200	0.000	0.000	0.000	1.60	 86.00
11_1	11_5000	5000	0	0	 7	0	0.458	0.544	0.468	0.175	0.068	53.08	0.255	 0.066	0.461	0.462	0.425	0.410	0.391	0.373	0.343	0.225	0.000	0.286	0.000	0.000	0.429	1.40	146.67
11_160001	11_165000	5000	0	0	 2	0	0.486	0.545	0.491	0.127	0.078	18.73	0.308	 0.096	0.487	0.192	0.305	0.392	0.398	0.390	0.387	0.304	0.000	0.000	1.000	0.500	0.000	0.40	397.00
11_315001	11_320000	5000	1	0	 3	1	0.480	0.548	0.483	0.102	0.032	26.35	0.243	 0.078	0.461	0.457	0.557	0.601	0.594	0.574	0.564	0.424	0.667	0.667	0.333	0.333	0.000	0.80	208.00
11_1345001	11_1350000	5000	1	0	 4	1	0.459	0.595	0.418	0.122	0.049	29.63	0.309	 0.124	0.488	0.556	0.606	0.620	0.605	0.582	0.563	0.414	0.250	1.000	0.500	0.000	0.000	1.00	125.75
4_40001	4_45000	5000	0	0	 9	0	0.501	0.556	0.589	0.199	0.093	46.57	0.323	 0.166	0.519	0.411	0.498	0.524	0.516	0.495	0.468	0.326	0.222	0.333	0.222	0.000	0.556	1.80	 41.88
5_5001	5_10000	5000	0	0	 5	0	0.539	0.593	0.625	0.184	0.063	36.71	0.264	 0.133	0.494	0.326	0.455	0.517	0.499	0.481	0.462	0.326	0.400	0.800	0.400	0.200	0.200	1.00	 57.00
6_5001	6_10000	5000	0	0	 5	0	0.497	0.596	0.502	0.099	0.033	24.07	0.324	 0.174	0.512	0.461	0.572	0.626	0.611	0.593	0.584	0.441	0.000	0.600	0.400	0.200	0.000	1.00	110.25
6_55001	6_60000	5000	0	0	 5	0	0.445	0.551	0.410	0.125	0.032	32.37	0.211	-0.040	0.383	0.650	0.690	0.697	0.652	0.594	0.556	0.394	0.000	0.600	0.800	0.000	0.000	1.00	 90.75
6_85001	6_90000	5000	0	0	 6	0	0.434	0.522	0.424	0.114	0.043	29.95	0.239	-0.014	0.409	0.646	0.717	0.735	0.701	0.665	0.635	0.468	0.000	0.500	0.167	0.000	0.333	1.20	  0.80
6_115001	6_120000	5000	0	0	 5	0	0.512	0.589	0.570	0.131	0.056	24.97	0.294	 0.134	0.487	0.592	0.779	0.856	0.857	0.843	0.834	0.649	0.000	0.400	0.400	0.200	0.400	1.00	 85.50
6_140001	6_145000	5000	0	0	 5	0	0.415	0.489	0.359	0.179	0.076	49.59	0.222	-0.006	0.419	0.579	0.547	0.525	0.469	0.418	0.374	0.236	0.000	0.200	0.200	0.000	0.600	1.00	172.25
6_145001	6_150000	5000	0	0	 6	0	0.424	0.493	0.416	0.192	0.083	43.22	0.258	 0.054	0.449	0.844	0.879	0.867	0.797	0.730	0.689	0.510	0.000	0.333	0.000	0.000	0.333	1.20	177.60
7_55001	7_60000	5000	0	0	 6	0	0.460	0.551	0.485	0.115	0.041	32.69	0.275	 0.100	0.475	0.675	0.751	0.763	0.735	0.708	0.681	0.502	0.000	0.333	0.167	0.167	0.500	1.20	279.60
7_95001	7_100000	5000	0	0	 2	0	0.491	0.539	0.500	0.098	0.062	17.93	0.296	 0.100	0.485	0.356	0.431	0.488	0.501	0.491	0.474	0.352	0.000	1.000	0.500	0.000	0.000	0.40	266.00
7_100001	7_105000	5000	0	0	 4	0	0.475	0.552	0.463	0.106	0.054	23.22	0.248	 0.050	0.446	0.631	0.707	0.715	0.673	0.643	0.608	0.448	0.000	0.250	0.250	0.000	0.500	0.80	184.00
7_250001	7_255000	5000	0	0	 5	0	0.461	0.542	0.472	0.111	0.055	21.07	0.292	 0.062	0.450	0.716	0.777	0.802	0.769	0.728	0.691	0.523	0.000	0.400	0.200	0.000	0.200	1.00	301.75
7_280001	7_285000	5000	0	0	 3	0	0.446	0.545	0.439	0.093	0.046	14.18	0.244	 0.015	0.428	0.753	0.860	0.911	0.918	0.912	0.910	0.730	0.000	1.000	0.667	0.333	0.000	0.60	202.00
7_285001	7_290000	5000	0	0	 5	0	0.499	0.622	0.499	0.083	0.044	11.20	0.260	 0.052	0.447	0.692	0.844	0.890	0.878	0.851	0.835	0.652	0.000	0.600	0.000	0.000	0.000	1.00	101.50
7_305001	7_310000	5000	0	0	 9	0	0.402	0.490	0.381	0.205	0.074	57.29	0.210	-0.070	0.373	0.669	0.626	0.594	0.518	0.490	0.532	0.602	0.111	0.333	0.111	0.000	0.333	1.80	137.25
7_330001	7_335000	5000	0	0	10	0	0.384	0.478	0.332	0.221	0.087	61.89	0.230	-0.037	0.399	0.894	0.842	0.787	0.683	0.613	0.629	0.632	0.000	0.100	0.000	0.000	0.500	2.00	161.44
7_350001	7_355000	5000	0	0	 7	0	0.394	0.472	0.327	0.230	0.095	52.16	0.225	-0.078	0.379	0.843	0.818	0.778	0.698	0.665	0.735	0.873	0.000	0.143	0.000	0.143	0.571	1.40	349.33
7_375001	7_380000	5000	0	0	 7	0	0.398	0.485	0.338	0.171	0.067	46.55	0.219	-0.023	0.406	0.693	0.675	0.654	0.575	0.511	0.478	0.379	0.286	0.429	0.143	0.000	0.286	1.40	156.67
8_10001	8_15000	5000	0	0	 4	0	0.508	0.607	0.538	0.087	0.034	20.75	0.339	 0.170	0.511	0.447	0.602	0.676	0.695	0.700	0.694	0.544	0.000	0.750	0.000	0.500	0.000	0.80	 71.67
8_15001	8_20000	5000	0	0	 3	0	0.508	0.592	0.562	0.081	0.023	21.38	0.330	 0.168	0.517	0.610	0.801	0.878	0.887	0.876	0.872	0.691	0.000	1.000	0.333	0.000	0.000	0.60	286.00
8_60001	8_65000	5000	0	0	 6	0	0.510	0.597	0.546	0.094	0.036	18.70	0.303	 0.125	0.490	0.568	0.772	0.852	0.865	0.866	0.858	0.679	0.000	0.667	0.500	0.167	0.167	1.20	104.60
8_200001	8_205000	5000	0	0	 5	0	0.504	0.606	0.536	0.114	0.050	26.11	0.342	 0.200	0.530	0.582	0.727	0.753	0.743	0.718	0.704	0.542	0.000	0.600	0.200	0.200	0.000	1.00	156.75
9_35001	9_40000	5000	0	0	 5	0	0.404	0.484	0.339	0.189	0.087	56.86	0.248	-0.029	0.404	0.669	0.701	0.665	0.584	0.513	0.464	0.332	0.000	0.400	0.200	0.000	0.400	1.00	198.00
9_40001	9_45000	5000	0	0	 5	0	0.476	0.570	0.471	0.114	0.050	32.61	0.277	 0.096	0.475	0.657	0.762	0.799	0.767	0.738	0.708	0.533	0.400	0.800	0.000	0.000	0.200	1.00	264.25
9_45001	9_50000	5000	0	0	 4	0	0.501	0.609	0.515	0.094	0.054	24.37	0.359	 0.211	0.544	0.609	0.755	0.802	0.783	0.758	0.743	0.575	0.000	0.750	0.000	0.000	0.000	0.80	189.67
9_105001	9_110000	5000	0	0	 5	0	0.472	0.518	0.500	0.145	0.087	32.30	0.240	 0.059	0.434	0.686	0.747	0.775	0.740	0.698	0.669	0.499	0.000	0.200	0.800	0.200	0.400	1.00	336.00
9_120001	9_125000	5000	0	0	 5	0	0.417	0.489	0.404	0.159	0.058	36.12	0.220	-0.022	0.401	0.651	0.666	0.663	0.605	0.549	0.513	0.368	0.200	0.400	0.000	0.200	0.200	1.00	190.75
9_125001	9_130000	5000	0	0	 4	0	0.409	0.527	0.344	0.140	0.049	31.18	0.254	-0.003	0.420	0.729	0.682	0.644	0.554	0.467	0.400	0.253	0.000	0.750	0.000	0.000	0.000	0.80	209.33
9_155001	9_160000	5000	0	0	 5	0	0.482	0.572	0.491	0.149	0.086	31.50	0.344	 0.157	0.514	0.632	0.707	0.742	0.727	0.695	0.678	0.536	0.000	0.600	0.200	0.000	0.000	1.00	161.50
9_175001	9_180000	5000	0	0	 3	0	0.498	0.592	0.521	0.077	0.032	16.70	0.295	 0.106	0.476	0.468	0.576	0.614	0.602	0.588	0.569	0.423	0.000	0.667	0.667	0.000	0.333	0.60	260.50
9_200001	9_205000	5000	0	0	 5	0	0.451	0.523	0.457	0.154	0.069	42.44	0.289	 0.074	0.467	0.689	0.810	0.841	0.809	0.764	0.724	0.535	0.000	0.400	0.400	0.200	0.400	1.00	114.75
9_250001	9_255000	5000	0	0	 5	0	0.463	0.549	0.472	0.100	0.047	24.32	0.273	 0.062	0.452	0.687	0.763	0.759	0.712	0.677	0.643	0.468	0.000	0.600	0.600	0.200	0.000	1.00	228.25
9_335001	9_340000	5000	0	0	 7	0	0.473	0.560	0.483	0.154	0.083	44.26	0.304	 0.137	0.505	0.656	0.784	0.828	0.789	0.748	0.713	0.542	0.000	0.143	0.286	0.000	0.571	1.40	175.50
9_340001	9_345000	5000	0	0	 3	0	0.466	0.562	0.476	0.058	0.029	14.60	0.281	 0.080	0.463	0.712	0.853	0.891	0.850	0.803	0.762	0.570	0.000	0.667	0.667	0.000	0.333	0.60	621.50
9_380001	9_385000	5000	0	0	 5	0	0.471	0.552	0.486	0.081	0.031	18.57	0.246	 0.060	0.450	0.613	0.690	0.703	0.678	0.639	0.612	0.458	0.000	0.400	0.600	0.000	0.200	1.00	 90.50
9_405001	9_410000	5000	0	0	 5	0	0.497	0.588	0.513	0.096	0.033	18.45	0.274	 0.060	0.449	0.493	0.557	0.578	0.561	0.543	0.534	0.403	0.000	0.600	0.800	0.400	0.000	1.00	171.75
9_500001	9_505000	5000	0	0	 5	0	0.458	0.533	0.456	0.115	0.051	19.86	0.221	-0.001	0.405	0.596	0.661	0.693	0.680	0.655	0.640	0.483	0.000	0.600	0.400	0.200	0.000	1.00	145.00
9_505001	9_510000	5000	0	0	 5	0	0.458	0.567	0.434	0.082	0.034	17.54	0.248	 0.039	0.438	0.637	0.712	0.716	0.686	0.653	0.620	0.461	0.000	0.600	0.600	0.000	0.000	1.00	217.25
9_560001	9_565000	5000	0	0	 5	0	0.486	0.590	0.489	0.152	0.064	40.09	0.395	 0.235	0.561	0.538	0.692	0.759	0.761	0.762	0.761	0.599	0.000	0.600	0.000	0.000	0.200	1.00	122.25
9_575001	9_580000	5000	0	0	 4	0	0.457	0.558	0.433	0.130	0.069	20.05	0.326	 0.106	0.488	0.660	0.723	0.737	0.695	0.645	0.613	0.445	0.000	0.500	0.750	0.000	0.500	0.80	383.67
9_580001	9_585000	5000	0	0	 6	0	0.427	0.501	0.384	0.158	0.056	37.95	0.215	-0.077	0.382	0.701	0.675	0.651	0.591	0.527	0.475	0.316	0.000	0.333	0.500	0.167	0.500	1.20	249.60
9_590001	9_595000	5000	0	0	 4	0	0.470	0.503	0.496	0.149	0.045	34.56	0.243	 0.062	0.453	0.609	0.691	0.721	0.694	0.649	0.608	0.442	0.000	0.500	0.250	0.250	0.250	0.80	303.33
9_645001	9_650000	5000	0	0	 7	0	0.492	0.577	0.524	0.130	0.074	30.15	0.288	 0.134	0.492	0.623	0.779	0.851	0.850	0.830	0.807	0.616	0.000	0.571	0.286	0.143	0.143	1.40	 63.50
9_660001	9_665000	5000	0	0	 5	0	0.483	0.561	0.511	0.090	0.040	22.18	0.300	 0.127	0.491	0.649	0.770	0.796	0.782	0.743	0.714	0.538	0.000	0.600	0.000	0.000	0.200	1.00	253.50
9_665001	9_670000	5000	0	0	 3	0	0.492	0.590	0.461	0.141	0.060	20.56	0.363	 0.214	0.543	0.432	0.550	0.584	0.570	0.560	0.543	0.404	0.000	1.000	0.000	0.000	0.000	0.60	259.00
9_670001	9_675000	5000	0	0	 4	0	0.466	0.533	0.468	0.085	0.045	18.62	0.287	 0.093	0.470	0.565	0.631	0.653	0.633	0.604	0.577	0.428	0.000	0.500	0.000	0.000	0.250	0.80	175.67
9_673631	9_678630	5000	0	0	 8	0	0.444	0.515	0.452	0.172	0.080	45.72	0.275	 0.064	0.462	0.614	0.618	0.626	0.586	0.547	0.509	0.363	0.250	0.375	0.125	0.000	0.250	1.60	174.86
10_5001	10_10000	5000	0	0	 5	0	0.501	0.593	0.536	0.097	0.033	21.01	0.283	 0.126	0.483	0.609	0.746	0.802	0.800	0.784	0.774	0.603	0.000	0.600	0.400	0.400	0.000	1.00	 83.25
10_160001	10_165000	5000	0	0	 6	0	0.459	0.513	0.450	0.178	0.094	43.77	0.250	 0.069	0.458	0.649	0.739	0.787	0.770	0.742	0.717	0.539	0.000	0.333	0.333	0.000	0.333	1.20	 78.60
10_165001	10_170000	5000	0	0	 4	0	0.457	0.550	0.455	0.167	0.084	44.38	0.315	 0.115	0.484	0.525	0.677	0.733	0.735	0.727	0.718	0.566	0.250	0.500	0.000	0.000	0.250	0.80	 97.33
10_210001	10_215000	5000	0	0	 5	0	0.423	0.519	0.425	0.149	0.070	34.73	0.239	 0.016	0.414	0.584	0.690	0.727	0.712	0.682	0.668	0.511	0.000	0.400	0.800	0.400	0.200	1.00	167.75
10_330001	10_335000	5000	0	0	 5	0	0.497	0.572	0.534	0.110	0.056	20.94	0.280	 0.080	0.458	0.489	0.613	0.676	0.679	0.673	0.669	0.522	0.000	0.400	0.400	0.000	0.200	1.00	219.00
10_335001	10_340000	5000	0	0	 5	0	0.487	0.570	0.524	0.088	0.045	17.56	0.321	 0.143	0.499	0.675	0.821	0.873	0.850	0.830	0.822	0.649	0.000	0.400	0.200	0.200	0.200	1.00	179.00
10_410001	10_415000	5000	0	0	 5	0	0.502	0.604	0.507	0.095	0.038	27.22	0.315	 0.120	0.488	0.515	0.642	0.668	0.650	0.634	0.631	0.496	0.000	0.600	0.200	0.200	0.000	1.00	 83.00
10_470001	10_475000	5000	0	0	 4	0	0.499	0.583	0.527	0.111	0.038	23.34	0.333	 0.152	0.502	0.528	0.694	0.758	0.757	0.752	0.752	0.592	0.000	0.750	0.000	0.000	0.000	0.80	163.67
10_485001	10_490000	5000	0	0	 3	0	0.510	0.609	0.526	0.074	0.035	14.20	0.295	 0.154	0.501	0.471	0.601	0.665	0.673	0.666	0.653	0.500	0.000	1.000	0.667	0.667	0.000	0.60	 60.00
10_500001	10_505000	5000	0	0	 5	0	0.472	0.561	0.485	0.107	0.045	21.40	0.286	 0.127	0.492	0.662	0.798	0.842	0.819	0.794	0.784	0.613	0.000	0.600	0.400	0.000	0.200	1.00	136.25
10_505001	10_510000	5000	0	0	 5	0	0.487	0.572	0.491	0.094	0.044	15.41	0.272	 0.086	0.460	0.541	0.627	0.659	0.641	0.620	0.598	0.446	0.000	0.400	0.000	0.000	0.200	1.00	132.50
10_555001	10_560000	5000	0	0	 6	0	0.468	0.535	0.483	0.127	0.042	28.95	0.329	 0.132	0.503	0.587	0.689	0.730	0.694	0.661	0.642	0.490	0.000	0.500	0.167	0.000	0.167	1.20	141.00
10_560001	10_565000	5000	0	0	 3	0	0.496	0.591	0.528	0.086	0.022	21.32	0.389	 0.257	0.566	0.451	0.546	0.572	0.575	0.567	0.561	0.430	0.000	1.000	0.333	0.000	0.000	0.60	400.50
10_670001	10_675000	5000	0	0	 3	0	0.469	0.566	0.464	0.061	0.025	20.67	0.260	 0.047	0.442	0.596	0.667	0.679	0.663	0.640	0.627	0.482	0.000	1.000	0.667	0.333	0.000	0.60	378.50
10_675001	10_680000	5000	0	0	 4	0	0.462	0.570	0.450	0.113	0.052	30.45	0.280	 0.070	0.459	0.534	0.635	0.675	0.656	0.631	0.611	0.466	0.000	0.750	0.250	0.000	0.000	0.80	118.00
10_695001	10_700000	5000	0	0	 3	0	0.493	0.596	0.486	0.066	0.027	13.61	0.256	 0.064	0.445	0.532	0.669	0.752	0.758	0.744	0.726	0.567	0.000	1.000	1.000	0.000	0.000	0.60	 86.00
10_700001	10_705000	5000	0	0	 5	0	0.491	0.611	0.495	0.110	0.048	17.84	0.300	 0.143	0.496	0.578	0.684	0.727	0.707	0.685	0.664	0.507	0.000	0.400	0.400	0.000	0.200	1.00	210.50
10_705001	10_710000	5000	0	0	 3	0	0.505	0.627	0.535	0.146	0.075	36.77	0.307	 0.145	0.498	0.607	0.806	0.864	0.860	0.847	0.851	0.683	0.000	0.333	0.000	0.000	0.333	0.60	127.50
10_710001	10_715000	5000	0	0	 5	0	0.515	0.588	0.547	0.117	0.051	22.39	0.291	 0.134	0.490	0.521	0.652	0.707	0.696	0.691	0.687	0.533	0.000	0.600	0.800	0.200	0.000	1.00	205.50
10_715001	10_720000	5000	0	0	 6	0	0.471	0.544	0.471	0.173	0.074	36.97	0.233	 0.046	0.431	0.553	0.694	0.767	0.763	0.733	0.707	0.534	0.000	0.500	0.500	0.500	0.167	1.20	 63.60
10_745001	10_750000	5000	0	0	 4	0	0.416	0.511	0.380	0.114	0.039	34.78	0.218	-0.086	0.377	0.636	0.622	0.613	0.566	0.520	0.485	0.337	0.000	0.500	0.250	0.000	0.250	0.80	  5.00
10_775001	10_780000	5000	0	0	 4	0	0.460	0.559	0.469	0.070	0.027	23.62	0.223	 0.021	0.420	0.604	0.706	0.734	0.705	0.681	0.664	0.505	0.000	0.750	1.000	0.750	0.000	0.80	 21.33
10_785001	10_790000	5000	0	0	 1	0	0.487	0.582	0.475	0.064	0.052	 4.09	0.310	 0.115	0.502	0.412	0.591	0.707	0.741	0.756	0.769	0.609	0.000	1.000	1.000	0.000	0.000	0.20	180.00
10_790001	10_795000	5000	0	0	 1	0	0.487	0.582	0.475	0.064	0.052	 4.09	0.310	 0.115	0.502	0.570	0.670	0.712	0.690	0.659	0.635	0.477	0.000	1.000	1.000	0.000	0.000	0.20	180.00
10_795001	10_800000	5000	0	0	 5	0	0.432	0.513	0.436	0.163	0.074	58.14	0.260	 0.040	0.440	0.531	0.567	0.593	0.571	0.534	0.508	0.374	0.000	1.000	0.200	0.000	0.200	1.00	147.50
10_800001	10_805000	5000	0	0	 9	0	0.445	0.502	0.462	0.208	0.082	61.30	0.243	-0.019	0.404	0.589	0.627	0.636	0.595	0.544	0.511	0.362	0.000	0.889	0.444	0.000	0.667	1.80	 25.88
10_800853	10_805852	5000	0	0	 8	0	0.460	0.512	0.494	0.207	0.084	50.80	0.250	 0.012	0.418	0.510	0.551	0.578	0.566	0.537	0.511	0.366	0.000	0.875	0.375	0.000	0.625	1.60	 29.57
11_30001	11_35000	5000	0	0	 5	0	0.460	0.563	0.460	0.094	0.045	19.16	0.291	 0.129	0.485	0.654	0.744	0.783	0.772	0.750	0.724	0.557	0.000	0.600	0.200	0.200	0.000	1.00	 44.75
11_55001	11_60000	5000	0	0	 3	0	0.491	0.581	0.536	0.062	0.022	12.55	0.311	 0.159	0.506	0.691	0.835	0.855	0.852	0.844	0.827	0.650	0.000	0.667	1.000	1.000	0.000	0.60	106.00
11_320001	11_325000	5000	0	0	 3	0	0.428	0.502	0.391	0.126	0.030	33.44	0.188	-0.035	0.395	0.688	0.671	0.629	0.543	0.465	0.410	0.258	0.333	0.667	0.000	0.000	0.333	0.60	 65.50
11_335001	11_340000	5000	0	0	 3	0	0.420	0.506	0.417	0.097	0.040	22.40	0.265	 0.049	0.450	0.711	0.777	0.777	0.736	0.694	0.667	0.492	0.000	0.333	0.000	0.000	0.333	0.60	 73.00
11_360001	11_365000	5000	0	0	 9	0	0.418	0.524	0.380	0.180	0.067	52.70	0.221	-0.022	0.407	0.761	0.764	0.751	0.692	0.641	0.605	0.441	0.222	0.667	0.111	0.000	0.222	1.80	119.00
11_365001	11_370000	5000	0	0	 7	0	0.415	0.501	0.380	0.178	0.067	58.64	0.211	-0.027	0.402	0.729	0.748	0.728	0.654	0.592	0.533	0.369	0.143	0.286	0.143	0.000	0.429	1.40	  2.83
11_370001	11_375000	5000	0	0	 8	0	0.387	0.463	0.346	0.224	0.101	66.18	0.219	-0.046	0.395	0.719	0.642	0.593	0.511	0.438	0.385	0.241	0.000	0.125	0.000	0.000	0.500	1.60	191.29
11_405001	11_410000	5000	0	0	 6	0	0.463	0.571	0.421	0.113	0.050	23.17	0.264	 0.048	0.442	0.618	0.690	0.708	0.682	0.647	0.631	0.473	0.000	0.500	0.000	0.000	0.167	1.20	106.80
11_425001	11_430000	5000	0	0	 5	0	0.449	0.531	0.442	0.157	0.051	42.44	0.329	 0.164	0.511	0.643	0.704	0.706	0.660	0.607	0.562	0.407	0.000	0.400	0.400	0.200	0.400	1.00	249.50
11_435001	11_440000	5000	0	0	 6	0	0.461	0.531	0.517	0.145	0.082	34.97	0.316	 0.146	0.503	0.629	0.737	0.778	0.760	0.737	0.709	0.540	0.000	0.500	0.000	0.000	0.167	1.20	104.60
11_445001	11_450000	5000	0	0	 5	0	0.499	0.563	0.533	0.104	0.042	18.38	0.254	 0.080	0.450	0.562	0.694	0.745	0.740	0.716	0.696	0.526	0.000	0.600	0.400	0.400	0.000	1.00	 39.00
11_490001	11_495000	5000	0	0	 4	0	0.478	0.607	0.444	0.116	0.044	24.97	0.384	 0.230	0.554	0.619	0.766	0.819	0.827	0.827	0.834	0.670	0.000	0.750	0.750	0.000	0.000	0.80	183.00
11_565001	11_570000	5000	0	0	 5	0	0.497	0.592	0.509	0.097	0.039	24.75	0.293	 0.088	0.465	0.621	0.781	0.827	0.808	0.796	0.788	0.613	0.000	0.600	0.200	0.200	0.200	1.00	148.50
11_755001	11_760000	5000	0	0	 4	0	0.501	0.559	0.540	0.130	0.059	39.76	0.293	 0.102	0.490	0.651	0.805	0.867	0.847	0.810	0.779	0.595	0.000	0.750	0.250	0.000	0.500	0.80	341.33
11_760001	11_765000	5000	0	0	 7	0	0.509	0.561	0.552	0.135	0.058	34.53	0.297	 0.137	0.503	0.480	0.574	0.618	0.609	0.592	0.571	0.419	0.000	1.000	0.000	0.000	0.286	1.40	  0.50
11_765001	11_770000	5000	0	0	 8	0	0.504	0.549	0.566	0.206	0.092	53.58	0.309	 0.172	0.525	0.506	0.651	0.714	0.724	0.707	0.692	0.519	0.000	1.000	0.000	0.000	0.375	1.60	 62.14
11_770001	11_775000	5000	0	0	 8	0	0.503	0.582	0.544	0.129	0.060	28.82	0.328	 0.176	0.526	0.577	0.741	0.792	0.785	0.767	0.745	0.579	0.000	1.000	0.000	0.000	0.875	1.60	 48.00
11_775001	11_780000	5000	0	0	 8	0	0.484	0.540	0.510	0.180	0.064	47.27	0.270	 0.050	0.453	0.575	0.632	0.643	0.612	0.584	0.558	0.404	0.000	1.000	0.000	0.000	0.375	1.60	 56.29
11_780001	11_785000	5000	0	0	 7	0	0.479	0.543	0.516	0.174	0.092	47.82	0.335	 0.159	0.517	0.663	0.812	0.871	0.856	0.820	0.801	0.614	0.000	1.000	0.000	0.000	0.571	1.40	 18.17
11_785001	11_790000	5000	0	0	 8	0	0.463	0.536	0.477	0.156	0.056	38.52	0.294	 0.144	0.503	0.800	0.850	0.854	0.795	0.734	0.694	0.503	0.125	0.875	0.125	0.000	0.500	1.60	106.43
11_820001	11_825000	5000	0	0	 4	0	0.477	0.561	0.464	0.115	0.041	25.34	0.314	 0.142	0.503	0.572	0.715	0.768	0.774	0.767	0.763	0.594	0.000	0.500	0.500	0.000	0.250	0.80	195.33
11_855001	11_860000	5000	0	0	 6	0	0.496	0.601	0.511	0.094	0.042	18.01	0.313	 0.108	0.477	0.592	0.767	0.836	0.851	0.849	0.851	0.675	0.000	0.667	0.667	0.000	0.000	1.20	 62.40
11_920001	11_925000	5000	0	0	 4	0	0.503	0.582	0.536	0.113	0.040	29.79	0.278	 0.134	0.491	0.678	0.913	1.000	0.993	0.977	0.965	0.765	0.000	0.500	0.000	0.000	0.250	0.80	 85.67
11_980001	11_985000	5000	0	0	 4	0	0.484	0.581	0.495	0.066	0.025	13.98	0.291	 0.108	0.476	0.567	0.713	0.775	0.786	0.783	0.779	0.599	0.000	0.750	0.750	0.500	0.000	0.80	 78.00
11_1045001	11_1050000	5000	0	0	 5	0	0.498	0.595	0.533	0.089	0.038	24.25	0.289	 0.128	0.489	0.643	0.797	0.858	0.871	0.868	0.873	0.701	0.200	0.600	0.400	0.000	0.000	1.00	 72.25
11_1080001	11_1085000	5000	0	0	 4	0	0.510	0.626	0.511	0.136	0.038	32.25	0.381	 0.231	0.546	0.452	0.598	0.647	0.632	0.618	0.609	0.465	0.000	0.750	0.500	0.000	0.000	0.80	 91.33
11_1150001	11_1155000	5000	0	0	 5	0	0.486	0.589	0.495	0.097	0.043	20.09	0.292	 0.136	0.490	0.530	0.681	0.746	0.736	0.722	0.703	0.546	0.000	0.600	0.800	0.200	0.000	1.00	153.25
11_1185001	11_1190000	5000	0	0	 5	0	0.483	0.588	0.458	0.208	0.087	50.08	0.316	 0.136	0.490	0.576	0.691	0.716	0.689	0.668	0.654	0.511	0.000	0.400	0.200	0.000	0.200	1.00	191.75
11_1330001	11_1335000	5000	0	0	 4	0	0.488	0.596	0.459	0.112	0.051	17.11	0.273	 0.093	0.471	0.489	0.635	0.675	0.684	0.689	0.692	0.537	0.000	1.000	0.750	0.000	0.000	0.80	145.00
11_1365001	11_1370000	5000	0	0	 9	0	0.452	0.514	0.436	0.194	0.083	40.08	0.225	 0.021	0.436	0.484	0.491	0.506	0.471	0.424	0.387	0.260	0.444	0.778	0.444	0.000	0.111	1.80	202.75
